29050382
27103528
23613741
23415546
22459297
22015308
21316814
20375137
19604328
15364419
15179443
14552909
11848684
11129341
10720282
16179827
9754958
17719017
11443731
11757955
11920851
23984328
25556849
24650794
23409049
23379308
23137948
19684239
16921174
17493013
22426017
20080541
16306245
11489281
11165779
14623725
11099448
12601712
11398564
26478578
28776874
19885829
19559767
19921519
11245918
11754996
23507771
26694580
17343292
23208452
17606531
27668683
26350541
27889917
19506424
17198748
14753054
11882748
