1444882
1738004
2360411
3568708
3810169
7790979
9132706
11412013
12528818
12844556
14720173
15277174
15910550
16712495
18506455
21709248
23388499
23532874
23850330
24217277
24967550
25533477
25902149
26718979
27143430
27213057
22614246
25164377
28143566
23333464
19103277
12670422
2880399
8347821
22402892
27000658
27671875
23831058
24117480
28547865
25531153
25752209
27127658
23314940
28004889
27984697
29501742
25934229
23326437
18925487
20383142
21367866
18505838
19689163
20454932
16914866
20523048
19955704
21636582
19747159
19332395
18007111
21047545
22152106
19500576
21147664
20842339
22002431
16371011
21763436
18258207
11777543
12106813
12391608
12020857
11263499
10936685
10539126
9839715
15763178
10672235
12222959
10332536
14572447
9987013
15339642
1281953
1837142
8561843
19264117
2960633
9060276
9052903
1611059
8954381
