29050382
27103528
26901792
23613741
23415546
22459297
22015308
21316814
20375137
19604328
17872915
16817891
15364419
15179443
14552909
11848684
11129341
11034704
10720282
9880039
6822833
6333695
12215881
10888890
2284385
7361578
6158020
1748592
1707190
16179827
15468911
9437439
9754958
17719017
17266761
11443731
11757955
11055049
7485228
9075467
11920851
10463234
23984328
3197787
9143266
9189035
25556849
24650794
23409049
24068826
23379308
23137948
19684239
16921174
17493013
22426017
20080541
11447843
16306245
11489281
11165779
12370023
14623725
11099448
12601712
8858181
11398564
8239283
26478578
28776874
19885829
19559767
19921519
11245918
11754996
9312066
7728221
23507771
26694580
17343292
23208452
17606531
7535791
6227276
1698467
27668683
26350541
24509835
24711325
27889917
24063215
19506424
17198748
14753054
11882748
11637100
